1.900500e+03  -128.40  21.72
1.901500e+03  -128.92  21.01
1.902500e+03  -125.98  20.81
1.903500e+03  -114.31  20.00
1.904500e+03  -128.59  20.15
1.905500e+03  -136.51  18.81
1.906500e+03  -131.77  18.07
1.907500e+03  -127.97  18.32
1.908500e+03  -130.50  18.09
1.909500e+03  -126.22  18.06
1.910500e+03  -124.36  18.00
1.911500e+03  -111.37  17.18
1.912500e+03  -113.63  17.16
1.913500e+03  -117.39  17.31
1.914500e+03  -115.61  16.95
1.915500e+03  -105.11  16.07
1.916500e+03  -104.39  15.91
1.917500e+03  -108.57  15.78
1.918500e+03  -113.11  15.67
1.919500e+03  -111.57  15.34
1.920500e+03  -104.48  15.37
1.921500e+03  -106.01  15.34
1.922500e+03  -105.10  15.44
1.923500e+03  -104.53  15.50
1.924500e+03  -112.28  15.68
1.925500e+03  -110.97  16.00
1.926500e+03  -106.42  16.20
1.927500e+03  -106.98  15.09
1.928500e+03  -112.43  15.00
1.929500e+03  -108.50  14.52
1.930500e+03  -102.33  14.32
1.931500e+03  -104.79  14.60
1.932500e+03  -101.73  14.07
1.933500e+03  -100.57  13.97
1.934500e+03  -102.09  14.37
1.935500e+03  -96.18  14.17
1.936500e+03  -103.66  14.10
1.937500e+03  -96.25  14.02
1.938500e+03  -89.27  13.84
1.939500e+03  -84.29  14.07
1.940500e+03  -93.78  13.32
1.941500e+03  -77.95  12.90
1.942500e+03  -80.98  12.82
1.943500e+03  -79.26  12.61
1.944500e+03  -87.58  12.49
1.945500e+03  -82.62  12.43
1.946500e+03  -75.83  12.25
1.947500e+03  -72.26  11.28
1.948500e+03  -67.71  11.03
1.949500e+03  -63.71  10.02
1.950500e+03  -61.13   9.49
1.951500e+03  -52.48   9.35
1.952500e+03  -57.21   9.28
1.953500e+03  -54.26   8.98
1.954500e+03  -56.38   8.90
1.955500e+03  -56.41   8.67
1.956500e+03  -61.72   8.58
1.957500e+03  -50.21   8.38
1.958500e+03  -51.03   8.07
1.959500e+03  -52.18   8.00
1.960500e+03  -47.47   7.96
1.961500e+03  -41.42   7.91
1.962500e+03  -46.65   7.89
1.963500e+03  -45.56   7.95
1.964500e+03  -55.01   8.01
1.965500e+03  -44.59   7.89
1.966500e+03  -51.65   7.77
1.967500e+03  -49.99   7.74
1.968500e+03  -48.20   7.90
1.969500e+03  -43.32   8.15
1.970500e+03  -43.82   8.10
1.971500e+03  -38.25   8.11
1.972500e+03  -30.95   8.09
1.973500e+03  -39.08   7.97
1.974500e+03  -26.48   7.90
1.975500e+03  -29.72   7.79
1.976500e+03  -30.41   7.86
1.977500e+03  -31.72   7.76
1.978500e+03  -26.57   7.79
1.979500e+03  -31.51   7.77
1.980500e+03  -22.54   7.52
1.981500e+03  -11.18   7.42
1.982500e+03  -18.29   7.29
1.983500e+03  -15.05   7.49
1.984500e+03  -13.78   7.30
1.985500e+03  -19.76   7.23
1.986500e+03  -19.07   7.23
1.987500e+03  -20.76   7.19
1.988500e+03  -14.99   7.31
1.989500e+03  -11.36   7.22
1.990500e+03  -7.66   7.21
1.991500e+03  -5.33   7.21
1.992500e+03  -6.77   7.33
1.993500e+03  -9.87   7.34
1.994500e+03  -5.03   7.28
1.995500e+03  -0.72   7.33
1.996500e+03   4.49   7.34
1.997500e+03  10.40   7.38
1.998500e+03  -0.38   7.54
1.999500e+03   8.97   7.55
2.000500e+03  11.63   7.57
2.001500e+03  16.93   7.46
2.002500e+03  18.83   7.49
2.003500e+03  26.51   7.58
2.004500e+03  23.93   7.56
2.005500e+03  24.57   7.57
2.006500e+03  28.33   7.55
2.007500e+03  31.15   7.80
2.008500e+03  40.39   7.66
2.009500e+03  46.71   7.80
2.010500e+03  53.31   8.04
2.011500e+03  54.65   8.09
2.012500e+03  61.94   8.12
2.013500e+03  61.41   8.06
2.014500e+03  74.02   8.27
2.015500e+03  69.78   8.21
2.016500e+03  71.43   8.28
2.017500e+03  76.37   8.57
2.018500e+03  76.41   8.69
2.019500e+03  81.27   9.65
