x1,x2,x3,x4,x5,x6,x8,x9,x10,x11,x12,x13,x17,x18,x19,x20,x21,x22,x23,x27,x28,x29,x30,x31,x32,x33,x34,x35,x36,x37,x38,x39,x40,x41,x42,x43,x44,x45,x46,x47,x48,x49,x50,x51
3.86E-06,3.01E-05,-1.84E-09,4.57E-10,-6.62E-10,-6.27E-09,-1.53E-05,1.60E-06,6.60E-06,-3.91E-07,-6.20E-07,-2.28E-09,2.07E-07,-5.80E-05,-3.40E-07,-7.75E-07,-7.50E-07,2.16E-08,3.07E-07,1.23E-05,3.89E-07,8.77E-06,5.72E-07,-2.37E-06,5.50E-07,-5.02E-10,5.97E-10,7.17E-10,-1.93E-06,3.56E-06,-2.71E-07,-4.39E-06,-1.56E-07,-7.21E-06,-3.47E-08,-2.95E-07,1.17E-07,-1.06E-06,0.007899793,0.000447408,-0.000267701,-3.19E-10,-1.20E-08,4.33E-06
3.01E-05,0.034522677,-2.06E-07,-3.71E-08,-1.15E-08,6.05E-07,-0.00031964,-0.001008102,0.000205441,2.33E-05,3.00E-05,1.21E-06,-2.15E-05,-0.005814373,-1.20E-06,7.84E-05,4.69E-05,3.25E-05,1.57E-05,0.001377304,-0.000104185,0.000668333,-4.49E-06,1.14E-05,0.000106861,-4.15E-09,-5.14E-08,1.33E-08,7.81E-05,-0.000216719,5.61E-05,0.000218151,4.02E-05,-0.000565649,-1.39E-06,1.20E-05,-2.67E-06,-6.06E-05,-0.277216428,-0.016077697,0.044616859,3.44E-08,-7.13E-06,0.000371309
-1.84E-09,-2.06E-07,8.44E-10,6.93E-12,-1.41E-11,-1.28E-10,1.29E-08,8.13E-09,-4.08E-08,-7.58E-11,9.22E-09,7.68E-10,-3.38E-09,2.21E-08,2.95E-09,1.19E-08,-5.73E-09,-5.67E-09,-5.29E-09,-1.20E-07,-1.47E-08,-9.45E-08,7.18E-09,4.61E-09,2.27E-08,6.67E-12,-1.27E-11,-1.61E-11,-1.55E-08,3.41E-08,-2.14E-08,-1.15E-07,-9.41E-09,6.57E-07,1.15E-10,-3.42E-09,6.15E-10,-3.47E-09,6.93E-05,3.92E-06,-2.68E-06,-2.23E-12,8.90E-10,9.48E-09
4.57E-10,-3.71E-08,6.93E-12,6.36E-11,-1.09E-12,-5.58E-11,-6.15E-09,2.31E-09,-1.23E-08,-3.87E-09,6.52E-10,9.63E-11,-3.06E-09,-5.59E-07,-7.24E-10,2.33E-10,-3.26E-09,-1.36E-09,7.73E-10,5.31E-08,-8.87E-09,-2.88E-09,3.72E-10,2.71E-08,-1.72E-08,-8.46E-12,1.35E-12,-4.95E-12,-9.98E-10,-1.97E-09,5.07E-09,2.90E-08,-2.71E-10,8.04E-09,-2.01E-11,8.13E-10,-2.27E-10,1.39E-11,-1.66E-06,-1.11E-07,-1.89E-07,3.80E-13,2.26E-10,-1.23E-08
-6.62E-10,-1.15E-08,-1.41E-11,-1.09E-12,4.28E-10,-2.44E-10,2.58E-08,-2.70E-08,3.34E-10,2.05E-09,-1.06E-08,3.67E-10,1.76E-09,1.89E-06,-1.10E-09,3.81E-09,4.19E-09,-2.13E-10,-6.49E-10,-2.50E-07,2.53E-08,-4.96E-08,-2.10E-09,-4.29E-08,2.28E-08,1.36E-11,-2.40E-12,6.95E-12,-2.41E-08,-6.41E-08,3.54E-08,9.77E-08,-7.73E-10,-8.31E-08,-2.95E-11,-9.23E-09,-4.22E-10,-5.40E-09,-1.11E-06,7.29E-08,4.35E-06,3.82E-12,6.41E-10,5.41E-08
-6.27E-09,6.05E-07,-1.28E-10,-5.58E-11,-2.44E-10,2.00E-08,-1.06E-07,-4.36E-08,-3.03E-08,2.02E-08,2.96E-08,-6.05E-09,-3.74E-08,-1.57E-05,2.78E-08,-1.53E-07,-1.29E-08,-1.37E-09,-1.18E-08,2.53E-06,-2.27E-07,1.82E-07,2.04E-08,-2.92E-07,1.70E-07,-5.18E-11,2.20E-11,-3.29E-10,-7.92E-08,4.60E-07,-2.24E-07,1.32E-07,-3.49E-08,-1.96E-07,-1.46E-09,7.90E-08,-1.06E-08,1.56E-07,0.000549704,3.06E-05,1.57E-06,7.35E-12,-3.47E-09,-2.45E-07
-1.53E-05,-0.00031964,1.29E-08,-6.15E-09,2.58E-08,-1.06E-07,0.000669486,2.69E-05,-7.71E-05,-5.51E-06,8.22E-06,1.04E-07,1.65E-05,0.005746396,9.61E-06,7.44E-06,-1.04E-05,5.65E-06,-6.28E-06,-0.000580329,8.21E-05,-0.000131949,1.45E-06,8.08E-05,-8.41E-05,3.88E-08,6.56E-10,8.85E-08,1.55E-05,-1.27E-05,-1.03E-05,-4.03E-05,-5.80E-06,8.08E-05,-3.72E-07,1.61E-06,-1.14E-06,9.79E-06,0.035190499,0.002007806,0.002569668,3.39E-09,-1.23E-06,4.82E-05
1.60E-06,-0.001008102,8.13E-09,2.31E-09,-2.70E-08,-4.36E-08,2.69E-05,0.00175561,-0.000103512,1.12E-06,-1.64E-05,2.22E-08,-7.83E-06,-0.000759295,6.56E-06,3.46E-05,1.03E-05,-1.06E-05,-5.95E-07,-0.00013436,-8.04E-06,0.000146741,-9.99E-06,-3.24E-05,7.74E-05,-2.18E-08,-3.94E-09,-7.50E-08,-5.04E-05,5.12E-05,-5.34E-05,-0.000217397,2.62E-06,-0.000291067,2.37E-07,-1.10E-05,9.51E-07,-1.92E-05,0.01352113,0.000764113,-0.00645813,-5.92E-09,1.03E-06,-0.000287317
6.60E-06,0.000205441,-4.08E-08,-1.23E-08,3.34E-10,-3.03E-08,-7.71E-05,-0.000103512,0.005524107,1.13E-05,1.52E-05,-5.89E-07,-2.09E-07,-0.001332112,-1.72E-05,6.61E-05,-1.38E-05,3.04E-06,-4.21E-06,2.54E-05,-2.26E-05,0.000117769,-5.80E-06,-5.30E-05,0.000128548,-8.68E-09,-6.26E-09,5.43E-08,-4.66E-05,-2.35E-05,-1.54E-05,0.000785759,-1.07E-05,-0.00084873,9.03E-07,8.36E-06,-2.07E-06,-1.28E-05,0.002696327,0.000550901,0.001706328,7.54E-09,-2.94E-06,0.000139678
-3.91E-07,2.33E-05,-7.58E-11,-3.87E-09,2.05E-09,2.02E-08,-5.51E-06,1.12E-06,1.13E-05,3.27E-05,-4.89E-07,-1.04E-07,2.41E-07,-0.000104986,7.34E-07,2.39E-06,-3.79E-06,-3.75E-07,-1.85E-08,1.50E-05,-1.96E-06,4.30E-07,-3.09E-07,4.20E-05,-3.50E-05,4.31E-10,3.36E-09,1.11E-09,2.57E-06,3.25E-06,8.07E-06,-3.06E-05,3.80E-07,-7.76E-05,-1.13E-07,-7.17E-07,2.54E-07,-3.16E-06,0.001214862,6.26E-05,-8.70E-05,-4.74E-10,-9.19E-08,-2.74E-05
-6.20E-07,3.00E-05,9.22E-09,6.52E-10,-1.06E-08,2.96E-08,8.22E-06,-1.64E-05,1.52E-05,-4.89E-07,3.71E-05,-8.70E-08,1.29E-06,-6.43E-07,-8.59E-07,-2.15E-08,4.50E-06,2.48E-06,1.81E-06,-1.49E-05,-3.23E-06,-3.69E-05,-6.40E-07,5.86E-06,-3.18E-06,-5.36E-09,2.82E-09,1.25E-09,-6.28E-06,1.15E-05,-1.54E-05,3.56E-06,4.02E-07,-3.19E-05,1.39E-08,-4.21E-07,-1.91E-08,-2.44E-07,0.028159474,0.0017049,-0.001181347,-2.29E-10,-1.44E-09,3.17E-05
-2.28E-09,1.21E-06,7.68E-10,9.63E-11,3.67E-10,-6.05E-09,1.04E-07,2.22E-08,-5.89E-07,-1.04E-07,-8.70E-08,1.65E-07,-3.88E-08,2.12E-06,-3.41E-10,-3.34E-08,7.95E-08,-7.68E-08,8.02E-09,1.09E-07,5.56E-08,8.74E-07,-1.04E-07,-2.32E-07,2.20E-07,-1.01E-10,3.12E-11,-1.37E-10,-1.14E-08,2.69E-07,-1.73E-07,-2.70E-06,6.54E-08,2.65E-06,5.63E-09,6.14E-08,-1.97E-10,-3.33E-08,-0.000259893,-1.36E-05,-1.55E-05,4.19E-12,-2.58E-09,3.91E-07
2.07E-07,-2.15E-05,-3.38E-09,-3.06E-09,1.76E-09,-3.74E-08,1.65E-05,-7.83E-06,-2.09E-07,2.41E-07,1.29E-06,-3.88E-08,3.20E-05,0.002684543,-4.78E-08,3.14E-06,-5.24E-07,-9.42E-07,-8.34E-07,-0.000111827,4.95E-05,-7.25E-05,1.47E-06,-2.02E-05,-2.72E-05,2.76E-08,4.37E-09,4.62E-08,-4.38E-06,3.97E-06,-8.88E-06,-5.90E-05,-8.81E-07,-1.22E-06,1.95E-08,1.87E-06,-3.34E-07,8.90E-06,0.002368736,-3.95E-05,0.000203526,3.61E-10,-3.53E-08,-8.87E-06
-5.80E-05,-0.005814373,2.21E-08,-5.59E-07,1.89E-06,-1.57E-05,0.005746396,-0.000759295,-0.001332112,-0.000104986,-6.43E-07,2.12E-06,0.002684543,1.114265291,-0.000124868,-2.86E-06,-0.000127701,-4.79E-05,-9.36E-05,-0.112278695,0.013909025,-0.015955623,0.000465148,0.003081445,-0.008370164,3.24E-06,7.67E-07,9.09E-06,-0.000421719,-0.000956434,-0.000149587,-0.006177461,-0.00016559,-0.005186828,-1.23E-05,0.000349635,4.54E-06,0.001128066,5.531594054,0.306590252,-0.066309715,-2.23E-08,-1.46E-05,0.000193662
-3.40E-07,-1.20E-06,2.95E-09,-7.24E-10,-1.10E-09,2.78E-08,9.61E-06,6.56E-06,-1.72E-05,7.34E-07,-8.59E-07,-3.41E-10,-4.78E-08,-0.000124868,2.26E-05,-6.53E-06,8.14E-07,9.58E-07,-2.70E-07,1.93E-05,-7.94E-07,-1.41E-06,2.78E-07,2.45E-06,-9.98E-06,8.60E-10,-5.94E-10,2.92E-09,4.51E-06,-1.67E-06,-1.85E-06,2.91E-06,8.23E-07,3.07E-05,-2.11E-08,-5.35E-07,1.83E-07,-3.28E-06,-0.008582155,-0.000480869,-0.000130019,-1.35E-10,1.71E-07,-5.67E-08
-7.75E-07,7.84E-05,1.19E-08,2.33E-10,3.81E-09,-1.53E-07,7.44E-06,3.46E-05,6.61E-05,2.39E-06,-2.15E-08,-3.34E-08,3.14E-06,-2.86E-06,-6.53E-06,0.00029111,3.92E-06,-2.57E-06,-9.61E-07,0.000104381,7.29E-06,-2.97E-05,1.35E-06,7.22E-05,0.00022257,1.64E-08,9.14E-10,1.96E-08,6.91E-06,-1.45E-05,2.37E-05,0.000142332,9.20E-06,6.28E-06,1.86E-07,-3.74E-06,1.01E-06,-7.29E-06,-0.00588088,-0.000383635,0.001548096,-1.20E-09,-3.26E-07,0.000111167
-7.50E-07,4.69E-05,-5.73E-09,-3.26E-09,4.19E-09,-1.29E-08,-1.04E-05,1.03E-05,-1.38E-05,-3.79E-06,4.50E-06,7.95E-08,-5.24E-07,-0.000127701,8.14E-07,3.92E-06,8.03E-05,1.31E-06,7.28E-07,1.94E-05,-7.21E-06,-4.83E-05,1.74E-06,7.42E-06,3.64E-06,5.59E-09,-3.96E-09,-1.65E-08,1.71E-05,8.80E-06,-1.50E-05,6.19E-05,-7.06E-07,-4.80E-06,-1.16E-07,2.87E-06,-1.05E-06,9.55E-06,0.003958671,0.000202275,-0.000116645,1.59E-09,-1.75E-07,8.96E-07
2.16E-08,3.25E-05,-5.67E-09,-1.36E-09,-2.13E-10,-1.37E-09,5.65E-06,-1.06E-05,3.04E-06,-3.75E-07,2.48E-06,-7.68E-08,-9.42E-07,-4.79E-05,9.58E-07,-2.57E-06,1.31E-06,3.79E-05,-8.02E-07,-1.37E-05,-2.32E-06,-3.54E-06,-4.04E-07,-1.55E-05,1.21E-05,-6.17E-10,-1.96E-10,7.17E-08,-3.08E-06,4.01E-06,7.70E-06,-3.81E-06,-6.71E-07,-5.58E-05,-4.40E-08,9.36E-08,1.72E-08,-5.62E-07,0.004820479,0.000306116,-0.000730515,-5.51E-10,-7.90E-08,-2.96E-05
3.07E-07,1.57E-05,-5.29E-09,7.73E-10,-6.49E-10,-1.18E-08,-6.28E-06,-5.95E-07,-4.21E-06,-1.85E-08,1.81E-06,8.02E-09,-8.34E-07,-9.36E-05,-2.70E-07,-9.61E-07,7.28E-07,-8.02E-07,2.37E-05,1.87E-05,-7.03E-07,2.38E-06,7.14E-07,1.11E-06,-3.22E-06,-1.54E-09,6.40E-10,-2.10E-09,2.55E-07,2.13E-06,-8.98E-07,-2.58E-05,-2.01E-06,-7.49E-05,5.11E-08,-3.93E-07,1.60E-07,-9.61E-07,-0.001538347,-9.68E-05,0.00064394,8.90E-11,-2.33E-09,1.19E-06
1.23E-05,0.001377304,-1.20E-07,5.31E-08,-2.50E-07,2.53E-06,-0.000580329,-0.00013436,2.54E-05,1.50E-05,-1.49E-05,1.09E-07,-0.000111827,-0.112278695,1.93E-05,0.000104381,1.94E-05,-1.37E-05,1.87E-05,0.02065061,-0.001226645,0.00188659,-6.04E-05,-0.00121923,0.000790298,3.29E-07,-6.87E-08,-4.16E-07,-2.70E-05,0.000173914,-6.14E-05,0.000925058,1.74E-05,0.0008762,1.81E-06,-5.04E-05,-2.41E-06,-8.87E-05,-0.773100076,-0.047449305,-0.000550186,-4.78E-09,1.09E-06,-0.000606657
3.89E-07,-0.000104185,-1.47E-08,-8.87E-09,2.53E-08,-2.27E-07,8.21E-05,-8.04E-06,-2.26E-05,-1.96E-06,-3.23E-06,5.56E-08,4.95E-05,0.013909025,-7.94E-07,7.29E-06,-7.21E-06,-2.32E-06,-7.03E-07,-0.001226645,0.000281883,0.00034373,5.73E-06,6.92E-05,-0.00016942,8.62E-08,7.28E-09,1.76E-07,6.58E-06,-2.12E-06,-3.27E-06,-1.29E-05,1.09E-06,6.30E-06,-2.10E-07,2.90E-06,-1.21E-07,1.64E-05,0.08342451,0.00441741,0.00016617,-1.84E-10,-3.54E-07,9.62E-06
8.77E-06,0.000668333,-9.45E-08,-2.88E-09,-4.96E-08,1.82E-07,-0.000131949,0.000146741,0.000117769,4.30E-07,-3.69E-05,8.74E-07,-7.25E-05,-0.015955623,-1.41E-06,-2.97E-05,-4.83E-05,-3.54E-06,2.38E-06,0.00188659,0.00034373,0.006591063,-1.99E-05,0.000579752,-0.000183621,-1.01E-07,-3.39E-08,-1.03E-07,0.000111294,-1.96E-06,7.04E-05,0.000701886,7.09E-05,0.000267535,1.70E-07,-1.88E-05,-8.77E-07,-5.29E-05,0.05035965,0.003685783,0.007889188,2.39E-09,-1.27E-06,0.000170147
5.72E-07,-4.49E-06,7.18E-09,3.72E-10,-2.10E-09,2.04E-08,1.45E-06,-9.99E-06,-5.80E-06,-3.09E-07,-6.40E-07,-1.04E-07,1.47E-06,0.000465148,2.78E-07,1.35E-06,1.74E-06,-4.04E-07,7.14E-07,-6.04E-05,5.73E-06,-1.99E-05,1.22E-05,-2.48E-06,4.76E-07,1.90E-09,5.92E-10,2.51E-09,1.07E-06,-1.06E-06,9.07E-07,-2.51E-06,-1.82E-07,5.05E-06,-3.18E-08,-1.10E-06,-1.35E-07,6.56E-08,-0.011486579,-0.000690648,0.000237131,3.34E-11,2.19E-07,9.90E-06
-2.37E-06,1.14E-05,4.61E-09,2.71E-08,-4.29E-08,-2.92E-07,8.08E-05,-3.24E-05,-5.30E-05,4.20E-05,5.86E-06,-2.32E-07,-2.02E-05,0.003081445,2.45E-06,7.22E-05,7.42E-06,-1.55E-05,1.11E-06,-0.00121923,6.92E-05,0.000579752,-2.48E-06,0.004109057,-0.002350382,3.64E-07,8.34E-09,-7.59E-08,-6.07E-06,-6.05E-06,5.79E-05,5.99E-05,1.43E-05,-0.000792947,3.69E-07,1.95E-06,9.23E-07,1.13E-06,-0.145991361,-0.008103725,-0.006325099,-7.12E-09,1.30E-06,-0.000183748
5.50E-07,0.000106861,2.27E-08,-1.72E-08,2.28E-08,1.70E-07,-8.41E-05,7.74E-05,0.000128548,-3.50E-05,-3.18E-06,2.20E-07,-2.72E-05,-0.008370164,-9.98E-06,0.00022257,3.64E-06,1.21E-05,-3.22E-06,0.000790298,-0.00016942,-0.000183621,4.76E-07,-0.002350382,0.001914869,-1.95E-07,-8.84E-09,-5.87E-08,2.08E-05,-3.74E-05,7.54E-07,-1.28E-06,2.80E-06,0.000510128,2.38E-08,-4.81E-06,2.08E-07,-1.35E-05,0.080852864,0.005019791,0.008412319,5.66E-09,-1.24E-06,0.000355123
-5.02E-10,-4.15E-09,6.67E-12,-8.46E-12,1.36E-11,-5.18E-11,3.88E-08,-2.18E-08,-8.68E-09,4.31E-10,-5.36E-09,-1.01E-10,2.76E-08,3.24E-06,8.60E-10,1.64E-08,5.59E-09,-6.17E-10,-1.54E-09,3.29E-07,8.62E-08,-1.01E-07,1.90E-09,3.64E-07,-1.95E-07,3.70E-10,-4.94E-11,1.04E-10,-4.06E-09,7.47E-09,1.13E-08,-1.52E-07,-3.22E-09,4.43E-08,-7.96E-12,3.17E-09,-4.52E-10,1.72E-08,3.04E-05,1.35E-06,7.60E-07,1.83E-13,-5.09E-10,1.52E-08
5.97E-10,-5.14E-08,-1.27E-11,1.35E-12,-2.40E-12,2.20E-11,6.56E-10,-3.94E-09,-6.26E-09,3.36E-09,2.82E-09,3.12E-11,4.37E-09,7.67E-07,-5.94E-10,9.14E-10,-3.96E-09,-1.96E-10,6.40E-10,-6.87E-08,7.28E-09,-3.39E-08,5.92E-10,8.34E-09,-8.84E-09,-4.94E-11,5.28E-11,8.06E-12,5.03E-09,-9.15E-09,-9.44E-09,5.77E-08,-1.45E-09,1.75E-09,1.10E-12,-1.49E-09,-4.60E-11,-2.25E-09,-1.77E-05,-1.11E-06,-8.88E-07,-2.57E-13,-8.84E-12,-4.96E-08
7.17E-10,1.33E-08,-1.61E-11,-4.95E-12,6.95E-12,-3.29E-10,8.85E-08,-7.50E-08,5.43E-08,1.11E-09,1.25E-09,-1.37E-10,4.62E-08,9.09E-06,2.92E-09,1.96E-08,-1.65E-08,7.17E-08,-2.10E-09,-4.16E-07,1.76E-07,-1.03E-07,2.51E-09,-7.59E-08,-5.87E-08,1.04E-10,8.06E-12,5.33E-10,4.25E-08,4.23E-08,-2.57E-08,-1.33E-08,-2.72E-09,2.29E-08,-6.72E-11,-4.59E-09,7.51E-10,8.74E-09,3.46E-05,1.44E-06,-2.70E-06,-4.43E-12,-5.79E-11,-1.36E-07
-1.93E-06,7.81E-05,-1.55E-08,-9.98E-10,-2.41E-08,-7.92E-08,1.55E-05,-5.04E-05,-4.66E-05,2.57E-06,-6.28E-06,-1.14E-08,-4.38E-06,-0.000421719,4.51E-06,6.91E-06,1.71E-05,-3.08E-06,2.55E-07,-2.70E-05,6.58E-06,0.000111294,1.07E-06,-6.07E-06,2.08E-05,-4.06E-09,5.03E-09,4.25E-08,0.000448102,5.38E-05,-6.17E-05,-1.60E-05,-5.38E-06,9.39E-05,-4.42E-07,2.43E-06,6.35E-09,8.39E-06,0.024334194,0.001288276,-0.004024874,-2.01E-09,1.17E-06,-3.80E-05
3.56E-06,-0.000216719,3.41E-08,-1.97E-09,-6.41E-08,4.60E-07,-1.27E-05,5.12E-05,-2.35E-05,3.25E-06,1.15E-05,2.69E-07,3.97E-06,-0.000956434,-1.67E-06,-1.45E-05,8.80E-06,4.01E-06,2.13E-06,0.000173914,-2.12E-06,-1.96E-06,-1.06E-06,-6.05E-06,-3.74E-05,7.47E-09,-9.15E-09,4.23E-08,5.38E-05,0.000426669,-0.000223514,-9.72E-05,-2.34E-06,-0.000155119,2.39E-07,6.66E-06,6.95E-07,-1.32E-05,-0.040759011,-0.002273986,0.00060456,-1.95E-10,-1.13E-06,-2.28E-05
-2.71E-07,5.61E-05,-2.14E-08,5.07E-09,3.54E-08,-2.24E-07,-1.03E-05,-5.34E-05,-1.54E-05,8.07E-06,-1.54E-05,-1.73E-07,-8.88E-06,-0.000149587,-1.85E-06,2.37E-05,-1.50E-05,7.70E-06,-8.98E-07,-6.14E-05,-3.27E-06,7.04E-05,9.07E-07,5.79E-05,7.54E-07,1.13E-08,-9.44E-09,-2.57E-08,-6.17E-05,-0.000223514,0.000631551,-0.000211536,-1.25E-05,-0.000412686,-1.65E-07,-1.73E-10,1.36E-06,-2.40E-05,-0.001045991,8.09E-05,-0.001519465,-7.93E-09,5.21E-07,-0.000141947
-4.39E-06,0.000218151,-1.15E-07,2.90E-08,9.77E-08,1.32E-07,-4.03E-05,-0.000217397,0.000785759,-3.06E-05,3.56E-06,-2.70E-06,-5.90E-05,-0.006177461,2.91E-06,0.000142332,6.19E-05,-3.81E-06,-2.58E-05,0.000925058,-1.29E-05,0.000701886,-2.51E-06,5.99E-05,-1.28E-06,-1.52E-07,5.77E-08,-1.33E-08,-1.60E-05,-9.72E-05,-0.000211536,0.02781069,4.83E-05,0.000840763,-4.96E-07,3.54E-05,3.94E-06,5.33E-05,-0.141795311,-0.007328555,0.000773519,4.92E-09,-1.32E-06,-0.000267404
-1.56E-07,4.02E-05,-9.41E-09,-2.71E-10,-7.73E-10,-3.49E-08,-5.80E-06,2.62E-06,-1.07E-05,3.80E-07,4.02E-07,6.54E-08,-8.81E-07,-0.00016559,8.23E-07,9.20E-06,-7.06E-07,-6.71E-07,-2.01E-06,1.74E-05,1.09E-06,7.09E-05,-1.82E-07,1.43E-05,2.80E-06,-3.22E-09,-1.45E-09,-2.72E-09,-5.38E-06,-2.34E-06,-1.25E-05,4.83E-05,3.09E-05,-4.53E-05,1.57E-08,-2.79E-06,7.83E-07,-5.82E-06,0.005831761,0.000399705,0.000132494,-1.82E-09,3.05E-07,-3.94E-05
-7.21E-06,-0.000565649,6.57E-07,8.04E-09,-8.31E-08,-1.96E-07,8.08E-05,-0.000291067,-0.00084873,-7.76E-05,-3.19E-05,2.65E-06,-1.22E-06,-0.005186828,3.07E-05,6.28E-06,-4.80E-06,-5.58E-05,-7.49E-05,0.0008762,6.30E-06,0.000267535,5.05E-06,-0.000792947,0.000510128,4.43E-08,1.75E-09,2.29E-08,9.39E-05,-0.000155119,-0.000412686,0.000840763,-4.53E-05,0.080944713,1.70E-05,5.57E-05,-2.95E-05,0.000348217,0.225228871,0.010564495,0.044545311,1.04E-07,3.73E-08,-0.001310692
-3.47E-08,-1.39E-06,1.15E-10,-2.01E-11,-2.95E-11,-1.46E-09,-3.72E-07,2.37E-07,9.03E-07,-1.13E-07,1.39E-08,5.63E-09,1.95E-08,-1.23E-05,-2.11E-08,1.86E-07,-1.16E-07,-4.40E-08,5.11E-08,1.81E-06,-2.10E-07,1.70E-07,-3.18E-08,3.69E-07,2.38E-08,-7.96E-12,1.10E-12,-6.72E-11,-4.42E-07,2.39E-07,-1.65E-07,-4.96E-07,1.57E-08,1.70E-05,2.10E-07,-2.63E-07,4.85E-08,-2.51E-07,-0.000670995,-2.92E-05,-1.52E-05,-1.22E-10,-1.38E-08,-8.16E-07
-2.95E-07,1.20E-05,-3.42E-09,8.13E-10,-9.23E-09,7.90E-08,1.61E-06,-1.10E-05,8.36E-06,-7.17E-07,-4.21E-07,6.14E-08,1.87E-06,0.000349635,-5.35E-07,-3.74E-06,2.87E-06,9.36E-08,-3.93E-07,-5.04E-05,2.90E-06,-1.88E-05,-1.10E-06,1.95E-06,-4.81E-06,3.17E-09,-1.49E-09,-4.59E-09,2.43E-06,6.66E-06,-1.73E-10,3.54E-05,-2.79E-06,5.57E-05,-2.63E-07,2.62E-05,-2.82E-06,2.94E-05,0.017484696,0.001015555,-0.000773309,5.96E-09,2.48E-07,2.09E-05
1.17E-07,-2.67E-06,6.15E-10,-2.27E-10,-4.22E-10,-1.06E-08,-1.14E-06,9.51E-07,-2.07E-06,2.54E-07,-1.91E-08,-1.97E-10,-3.34E-07,4.54E-06,1.83E-07,1.01E-06,-1.05E-06,1.72E-08,1.60E-07,-2.41E-06,-1.21E-07,-8.77E-07,-1.35E-07,9.23E-07,2.08E-07,-4.52E-10,-4.60E-11,7.51E-10,6.35E-09,6.95E-07,1.36E-06,3.94E-06,7.83E-07,-2.95E-05,4.85E-08,-2.82E-06,7.65E-07,-6.57E-06,0.0006838,4.07E-05,0.00021487,-1.16E-09,-4.55E-08,-1.17E-06
-1.06E-06,-6.06E-05,-3.47E-09,1.39E-11,-5.40E-09,1.56E-07,9.79E-06,-1.92E-05,-1.28E-05,-3.16E-06,-2.44E-07,-3.33E-08,8.90E-06,0.001128066,-3.28E-06,-7.29E-06,9.55E-06,-5.62E-07,-9.61E-07,-8.87E-05,1.64E-05,-5.29E-05,6.56E-08,1.13E-06,-1.35E-05,1.72E-08,-2.25E-09,8.74E-09,8.39E-06,-1.32E-05,-2.40E-05,5.33E-05,-5.82E-06,0.000348217,-2.51E-07,2.94E-05,-6.57E-06,0.000115792,0.056468301,0.003286976,-0.000739766,6.11E-09,4.96E-07,4.51E-05
0.007899793,-0.277216428,6.93E-05,-1.66E-06,-1.11E-06,0.000549704,0.035190499,0.01352113,0.002696327,0.001214862,0.028159474,-0.000259893,0.002368736,5.531594054,-0.008582155,-0.00588088,0.003958671,0.004820479,-0.001538347,-0.773100076,0.08342451,0.05035965,-0.011486579,-0.145991361,0.080852864,3.04E-05,-1.77E-05,3.46E-05,0.024334194,-0.040759011,-0.001045991,-0.141795311,0.005831761,0.225228871,-0.000670995,0.017484696,0.0006838,0.056468301,1860.714199,107.1418328,-7.764874316,-6.25E-06,0.002109623,-0.530867706
0.000447408,-0.016077697,3.92E-06,-1.11E-07,7.29E-08,3.06E-05,0.002007806,0.000764113,0.000550901,6.26E-05,0.0017049,-1.36E-05,-3.95E-05,0.306590252,-0.000480869,-0.000383635,0.000202275,0.000306116,-9.68E-05,-0.047449305,0.00441741,0.003685783,-0.000690648,-0.008103725,0.005019791,1.35E-06,-1.11E-06,1.44E-06,0.001288276,-0.002273986,8.09E-05,-0.007328555,0.000399705,0.010564495,-2.92E-05,0.001015555,4.07E-05,0.003286976,107.1418328,6.200202972,-0.431345244,-3.47E-07,0.000120583,-0.030129075
-0.000267701,0.044616859,-2.68E-06,-1.89E-07,4.35E-06,1.57E-06,0.002569668,-0.00645813,0.001706328,-8.70E-05,-0.001181347,-1.55E-05,0.000203526,-0.066309715,-0.000130019,0.001548096,-0.000116645,-0.000730515,0.00064394,-0.000550186,0.00016617,0.007889188,0.000237131,-0.006325099,0.008412319,7.60E-07,-8.88E-07,-2.70E-06,-0.004024874,0.00060456,-0.001519465,0.000773519,0.000132494,0.044545311,-1.52E-05,-0.000773309,0.00021487,-0.000739766,-7.764874316,-0.431345244,12.11465542,6.15E-06,0.000104082,-0.023441329
-3.19E-10,3.44E-08,-2.23E-12,3.80E-13,3.82E-12,7.35E-12,3.39E-09,-5.92E-09,7.54E-09,-4.74E-10,-2.29E-10,4.19E-12,3.61E-10,-2.23E-08,-1.35E-10,-1.20E-09,1.59E-09,-5.51E-10,8.90E-11,-4.78E-09,-1.84E-10,2.39E-09,3.34E-11,-7.12E-09,5.66E-09,1.83E-13,-2.57E-13,-4.43E-12,-2.01E-09,-1.95E-10,-7.93E-09,4.92E-09,-1.82E-09,1.04E-07,-1.22E-10,5.96E-09,-1.16E-09,6.11E-09,-6.25E-06,-3.47E-07,6.15E-06,6.10E-12,1.35E-10,-6.15E-09
-1.20E-08,-7.13E-06,8.90E-10,2.26E-10,6.41E-10,-3.47E-09,-1.23E-06,1.03E-06,-2.94E-06,-9.19E-08,-1.44E-09,-2.58E-09,-3.53E-08,-1.46E-05,1.71E-07,-3.26E-07,-1.75E-07,-7.90E-08,-2.33E-09,1.09E-06,-3.54E-07,-1.27E-06,2.19E-07,1.30E-06,-1.24E-06,-5.09E-10,-8.84E-12,-5.79E-11,1.17E-06,-1.13E-06,5.21E-07,-1.32E-06,3.05E-07,3.73E-08,-1.38E-08,2.48E-07,-4.55E-08,4.96E-07,0.002109623,0.000120583,0.000104082,1.35E-10,9.87E-07,1.88E-06
4.33E-06,0.000371309,9.48E-09,-1.23E-08,5.41E-08,-2.45E-07,4.82E-05,-0.000287317,0.000139678,-2.74E-05,3.17E-05,3.91E-07,-8.87E-06,0.000193662,-5.67E-08,0.000111167,8.96E-07,-2.96E-05,1.19E-06,-0.000606657,9.62E-06,0.000170147,9.90E-06,-0.000183748,0.000355123,1.52E-08,-4.96E-08,-1.36E-07,-3.80E-05,-2.28E-05,-0.000141947,-0.000267404,-3.94E-05,-0.001310692,-8.16E-07,2.09E-05,-1.17E-06,4.51E-05,-0.530867706,-0.030129075,-0.023441329,-6.15E-09,1.88E-06,0.013571159